Caminho encontrado em 1.37951612s:
(0, 0)
(0, 1)
(0, 2)
(0, 3)
(0, 4)
(0, 5)
(0, 6)
(0, 7)
(0, 8)
(0, 9)
(0, 10)
(0, 11)
(1, 11)
(1, 12)
(1, 13)
(1, 14)
(1, 15)
(1, 16)
(1, 17)
(1, 18)
(1, 19)
(1, 20)
(1, 21)
(1, 22)
(1, 23)
(1, 24)
(2, 24)
(3, 24)
(4, 24)
(4, 25)
(5, 25)
(6, 25)
(7, 25)
(8, 25)
(8, 26)
(8, 27)
(8, 28)
(8, 29)
(8, 30)
(8, 31)
(8, 32)
(8, 33)
(9, 33)
(10, 33)
(11, 33)
(12, 33)
(13, 33)
(13, 34)
(13, 35)
(13, 36)
(13, 37)
(13, 38)
(14, 38)
(15, 38)
(16, 38)
(16, 39)
(17, 39)
(18, 39)
(19, 39)
(20, 39)
(21, 39)
(21, 40)
(21, 41)
(21, 42)
(21, 43)
(22, 43)
(22, 44)
(23, 44)
(24, 44)
(25, 44)
(26, 44)
(27, 44)
(28, 44)
(28, 45)
(28, 46)
(28, 47)
(28, 48)
(29, 48)
(30, 48)
(30, 49)
(30, 50)
(30, 51)
(30, 52)
(31, 52)
(32, 52)
(32, 53)
(32, 54)
(33, 54)
(33, 55)
(34, 55)
(34, 56)
(35, 56)
(35, 57)
(35, 58)
(36, 58)
(37, 58)
(38, 58)
(39, 58)
(40, 58)
(41, 58)
(42, 58)
(43, 58)
(44, 58)
(44, 59)
(45, 59)
(45, 60)
(45, 61)
(45, 62)
(45, 63)
(46, 63)
(47, 63)
(48, 63)
(49, 63)
(50, 63)
(50, 64)
(51, 64)
(51, 65)
(51, 66)
(51, 67)
(51, 68)
(51, 69)
(51, 70)
(51, 71)
(51, 72)
(51, 73)
(52, 73)
(52, 74)
(53, 74)
(54, 74)
(55, 74)
(55, 75)
(55, 76)
(55, 77)
(55, 78)
(56, 78)
(57, 78)
(57, 79)
(57, 80)
(57, 81)
(58, 81)
(59, 81)
(60, 81)
(60, 82)
(61, 82)
(61, 83)
(61, 84)
(61, 85)
(61, 86)
(61, 87)
(62, 87)
(63, 87)
(63, 88)
(63, 89)
(64, 89)
(64, 90)
(65, 90)
(66, 90)
(67, 90)
(68, 90)
(68, 91)
(69, 91)
(69, 92)
(69, 93)
(69, 94)
(69, 95)
(69, 96)
(69, 97)
(70, 97)
(70, 98)
(70, 99)
(71, 99)
(72, 99)
(72, 100)
(73, 100)
(74, 100)
(75, 100)
(75, 101)
(75, 102)
(75, 103)
(75, 104)
(76, 104)
(76, 105)
(76, 106)
(76, 107)
(76, 108)
(75, 108)
(75, 109)
(75, 110)
(75, 111)
(75, 112)
(75, 113)
(76, 113)
(77, 113)
(77, 114)
(77, 115)
(77, 116)
(78, 116)
(78, 117)
(78, 118)
(78, 119)
(78, 120)
(78, 121)
(78, 122)
(79, 122)
(79, 123)
(79, 124)
(79, 125)
(79, 126)
(79, 127)
(79, 128)
(80, 128)
(81, 128)
(82, 128)
(83, 128)
(84, 128)
(85, 128)
(86, 128)
(86, 129)
(86, 130)
(86, 131)
(86, 132)
(86, 133)
(86, 134)
(86, 135)
(86, 136)
(86, 137)
(86, 138)
(87, 138)
(88, 138)
(89, 138)
(90, 138)
(91, 138)
(92, 138)
(93, 138)
(94, 138)
(95, 138)
(96, 138)
(96, 139)
(96, 140)
(96, 141)
(96, 142)
(96, 143)
(96, 144)
(97, 144)
(97, 145)
(97, 146)
(97, 147)
(97, 148)
(97, 149)
(98, 149)
(98, 150)
(98, 151)
(99, 151)
(100, 151)
(100, 152)
(100, 153)
(99, 153)
(99, 154)
(99, 155)
(100, 155)
(101, 155)
(102, 155)
(103, 155)
(104, 155)
(105, 155)
(106, 155)
(107, 155)
(108, 155)
(108, 156)
(108, 157)
(108, 158)
(108, 159)
(108, 160)
(108, 161)
(108, 162)
(108, 163)
(108, 164)
(108, 165)
(108, 166)
(108, 167)
(108, 168)
(109, 168)
(109, 169)
(109, 170)
(110, 170)
(111, 170)
(112, 170)
(112, 171)
(112, 172)
(112, 173)
(112, 174)
(112, 175)
(112, 176)
(112, 177)
(113, 177)
(113, 178)
(113, 179)
(113, 180)
(113, 181)
(113, 182)
(113, 183)
(113, 184)
(114, 184)
(114, 185)
(114, 186)
(114, 187)
(114, 188)
(114, 189)
(114, 190)
(113, 190)
(113, 191)
(113, 192)
(113, 193)
(113, 194)
(113, 195)
(112, 195)
(112, 196)
(112, 197)
(112, 198)
(112, 199)
(112, 200)
(112, 201)
(111, 201)
(110, 201)
(110, 202)
(109, 202)
(109, 203)
(108, 203)
(108, 204)
(108, 205)
(108, 206)
(108, 207)
(108, 208)
(108, 209)
(109, 209)
(109, 210)
(109, 211)
(109, 212)
(109, 213)
(109, 214)
(109, 215)
(109, 216)
(109, 217)
(109, 218)
(109, 219)
(109, 220)
(109, 221)
(109, 222)
(109, 223)
(109, 224)
(109, 225)
(110, 225)
(110, 226)
(111, 226)
(111, 227)
(112, 227)
(112, 228)
(112, 229)
(112, 230)
(113, 230)
(113, 231)
(114, 231)
(114, 232)
(115, 232)
(115, 233)
(115, 234)
(115, 235)
(115, 236)
(114, 236)
(113, 236)
(113, 237)
(113, 238)
(114, 238)
(114, 239)
(114, 240)
(114, 241)
(114, 242)
(114, 243)
(114, 244)
(115, 244)
(116, 244)
(116, 245)
(116, 246)
(116, 247)
(116, 248)
(116, 249)
(116, 250)
(116, 251)
(116, 252)
(117, 252)
(117, 253)
(117, 254)
(117, 255)
(117, 256)
(117, 257)
(117, 258)
(117, 259)
(117, 260)
(117, 261)
(117, 262)
(118, 262)
(118, 263)
(118, 264)
(118, 265)
(119, 265)
(120, 265)
(120, 266)
(120, 267)
(121, 267)
(121, 268)
(121, 269)
(122, 269)
(122, 270)
(122, 271)
(122, 272)
(123, 272)
(123, 273)
(123, 274)
(123, 275)
(123, 276)
(123, 277)
(124, 277)
(124, 278)
(124, 279)
(124, 280)
(124, 281)
(124, 282)
(124, 283)
(124, 284)
(124, 285)
(124, 286)
(124, 287)
(124, 288)
(125, 288)
(126, 288)
(126, 289)
(127, 289)
(127, 290)
(127, 291)
(127, 292)
(127, 293)
(128, 293)
(128, 294)
(128, 295)
(129, 295)
(129, 296)
(129, 297)
(130, 297)
(131, 297)
(131, 298)
(131, 299)
(131, 300)
(131, 301)
(131, 302)
(131, 303)
(131, 304)
(131, 305)
(131, 306)
(132, 306)
(133, 306)
(133, 307)
(133, 308)
(133, 309)
(133, 310)
(133, 311)
(134, 311)
(135, 311)
(136, 311)
(137, 311)
(137, 312)
(137, 313)
(138, 313)
(138, 314)
(138, 315)
(138, 316)
(138, 317)
(138, 318)
(139, 318)
(139, 319)
(139, 320)
(139, 321)
(139, 322)
(139, 323)
(139, 324)
(139, 325)
(140, 325)
(141, 325)
(141, 326)
(142, 326)
(143, 326)
(143, 327)
(144, 327)
(144, 328)
(144, 329)
(144, 330)
(144, 331)
(144, 332)
(144, 333)
(144, 334)
(144, 335)
(144, 336)
(144, 337)
(144, 338)
(143, 338)
(143, 339)
(143, 340)
(143, 341)
(143, 342)
(143, 343)
(143, 344)
(143, 345)
(144, 345)
(144, 346)
(144, 347)
(144, 348)
(145, 348)
(145, 349)
(146, 349)
(147, 349)
(148, 349)
(148, 350)
(148, 351)
(149, 351)
(149, 352)
(149, 353)
(149, 354)
(149, 355)
(149, 356)
(149, 357)
(149, 358)
(149, 359)
(150, 359)
(151, 359)
(151, 360)
(151, 361)
(151, 362)
(152, 362)
(152, 363)
(152, 364)
(152, 365)
(153, 365)
(153, 366)
(153, 367)
(153, 368)
(154, 368)
(154, 369)
(154, 370)
(154, 371)
(154, 372)
(154, 373)
(155, 373)
(156, 373)
(157, 373)
(157, 374)
(158, 374)
(159, 374)
(159, 375)
(159, 376)
(159, 377)
(159, 378)
(160, 378)
(160, 379)
(160, 380)
(160, 381)
(160, 382)
(160, 383)
(161, 383)
(161, 384)
(161, 385)
(161, 386)
(162, 386)
(163, 386)
(164, 386)
(164, 387)
(164, 388)
(165, 388)
(166, 388)
(166, 389)
(166, 390)
(167, 390)
(167, 391)
(168, 391)
(169, 391)
(170, 391)
(171, 391)
(171, 392)
(172, 392)
(172, 393)
(173, 393)
(174, 393)
(174, 394)
(174, 395)
(175, 395)
(175, 396)
(175, 397)
(175, 398)
(175, 399)
(175, 400)
(175, 401)
(175, 402)
(175, 403)
(176, 403)
(176, 404)
(177, 404)
(177, 405)
(177, 406)
(177, 407)
(178, 407)
(179, 407)
(179, 408)
(179, 409)
(179, 410)
(179, 411)
(180, 411)
(180, 412)
(180, 413)
(180, 414)
(180, 415)
(181, 415)
(181, 416)
(182, 416)
(183, 416)
(184, 416)
(185, 416)
(186, 416)
(187, 416)
(187, 417)
(187, 418)
(187, 419)
(188, 419)
(189, 419)
(190, 419)
(191, 419)
(191, 420)
(191, 421)
(192, 421)
(193, 421)
(194, 421)
Steps: 637
